*Vertices 190
0.091133000
0.047587183
0.001557996
0.020134389
0.029006591
0.013395498
0.062689046
2.4524593226934E-4
0.050041197
0.031475930
0.027155853
0.009684054
0.069828017
0.030767076
0.104207698
0.032824734
0.066719468
0.023580750
0.036635009
0.087676492
0.006849450
1.2913963897994E-4
0.048273401
0.020958756
0.075567593
0.017596026
0.007184828
0.015587420
0.016417751
0.008964894
4.6906075274870E-6
9.9250099887164E-4
0.019191029
2.2505024936506E-4
0.004615558
0.024626854
0.004053688
0.005295144
0.019840633
0.017429679
0.001286231
0
0.007419218
4.5505935785066E-4
6.8229876427317E-4
0.021430912
0.004636305
2.1352264725625E-4
0.004930049
0.003587207
1.2210711391062E-4
2.5250852582248E-4
0
0.002011659
0.005255118
3.1875988332297E-4
2.8796321332044E-5
0.001531599
0
0.004699989
6.8770386119931E-4
0.011391847
2.7788893335112E-5
0.005786644
0
3.5193000282672E-4
3.0873296368208E-5
6.7505156688495E-4
0
5.2117861416522E-6
0.004652902
0.011541783
9.4592189660900E-6
0.004615558
2.3513447774716E-4
0
0.005519258
0
0.004715433
8.2650638979927E-5
3.4665014699582E-5
0
0.013877376
0.005187260
0
6.3457258794022E-5
6.3962829920277E-6
0
0.003267936
0
0.009231116
0.001155783
1.0829776058932E-4
0.004643701
0.004815866
0
0
0
0
1.1257458065969E-5
2.9034805898738E-5
0
0
2.8143645164922E-5
0
3.8376723773727E-4
0.009296784
0
0
4.2319936234949E-5
0
0
0.009287403
0.004671845
0
0
0.003459774
0
2.8143645164922E-5
0
0
0
0
0.004615558
7.4570506856897E-5
0
0
2.3798017017278E-4
0
0.004599856
0.004921667
0.009213239
0.005625180
0.004721291
0.001347621
0.004615558
0.004643701
0
1.1307714575192E-5
0
0
0
0
0
0.005150783
0
0.001998008
0.004615558
0.002617550
0
0
9.9005323169457E-5
7.6866647065772E-5
0
0
0
2.8143645164922E-5
0.004699989
0.004615558
0.004643701
0
0
8.4245004909977E-5
0
3.6403193202453E-5
0
4.6928411501191E-5
0
0
3.5438453624877E-5
0
0
0
0.004699989
0
2.8143645164922E-5
0
0
0
0.004615558
0.004643701
3.6607899349861E-5
6.9577344991057E-5
0
4.6040658140108E-4
0
0.004643701
6.0027486083762E-5
5.2304503592298E-4
0
