1 2
2 3
3 2
2 4
4 5
5 6
6 7
7 8
8 9
9 10
10 11
11 12
13 14
14 15
15 16
16 17
17 18
18 19
19 2
2 7
7 19
19 20
20 21
21 6
6 7
7 5
5 4
4 9
9 10
10 11
13 22
22 23
23 14
14 20
20 21
21 6
6 24
24 25
7 5
5 19
19 20
20 23
23 2
2 26
26 2
2 4
4 27
27 28
28 15
15 14
14 29
29 24
24 13
13 30
30 17
17 18
18 11
11 9
9 31
31 12
12 1
1 23
23 15
15 9
9 2
2 3
3 4
4 27
27 10
10 17
17 5
5 20
20 6
23 25
25 2
2 32
32 4
4 20
20 7
7 15
15 17
17 14
14 9
9 11
11 12
2 4
4 24
24 5
5 7
7 20
20 9
20 7
7 2
2 4
4 23
23 33
33 10
10 9
9 1
1 5
5 13
4 2
2 19
25 2
2 3
3 4
4 20
20 15
15 16
16 17
17 18
18 1
1 5
5 9
15 12
12 9
9 13
13 30
30 17
17 18
18 14
14 23
23 2
2 26
26 2
2 4
4 27
27 11
11 7
7 20
1 23
23 33
33 2
2 3
3 26
26 4
4 19
19 25
25 15
15 17
17 9
9 11
11 12
4 2
2 20
20 9
9 10
10 15
15 25
2 34
34 32
32 3
3 2
2 26
26 23
23 4
4 19
19 14
14 28
28 11
11 12
12 25
25 9
9 10
10 1
1 17
17 18
18 13
13 7
7 20
4 9
9 20
20 7
7 17
1 28
28 2
2 4
4 27
27 19
19 5
5 15
15 35
35 17
17 18
18 30
30 9
9 10
10 11
11 36
36 37
37 38
38 25
25 24
24 26
26 39
39 40
40 41
41 13
13 42
20 21
21 8
8 6
6 7
7 2
2 3
3 2
2 4
4 27
27 9
9 10
10 11
11 12
12 15
15 1
1 23
23 33
33 19
1 17
17 18
18 2
2 3
3 2
2 4
4 27
27 25
25 9
9 43
43 9
9 11
11 15
4 25
25 10
10 11
11 12
12 19
19 38
38 17
17 18
18 13
13 20
20 7
7 28
15 2
2 23
23 4
4 1
1 20
20 7
7 9
15 20
20 6
6 2
2 4
4 9
9 12
13 17
17 18
18 20
20 21
21 8
8 6
6 7
7 15
15 16
16 1
1 2
2 4
4 20
20 11
11 17
17 13
2 26
26 44
44 25
25 9
9 11
11 39
39 7
7 20
20 15
15 45
45 17
17 18
18 33
1 2
2 4
4 19
19 7
7 20
20 9
9 10
10 17
17 11
11 12
12 15
2 4
4 17
17 18
18 11
11 12
2 4
4 11
11 15
29 38
38 7
7 20
9 11
11 12
12 17
17 18
18 20
20 2
2 4
4 7
7 1
1 23
23 2
2 26
26 46
46 15
15 13
13 24
20 4
4 27
27 2
2 23
23 9
9 25
20 21
21 8
8 7
7 6
7 19
19 5
5 20
20 23
23 2
2 26
26 2
2 4
4 27
27 28
28 9
9 10
10 11
11 15
15 17
17 18
18 13
13 12
12 14
14 16
16 1
1 29
29 25
25 36
23 2
2 4
4 27
27 20
20 7
7 5
5 25
25 13
13 30
30 17
17 18
18 9
9 10
10 11
11 31
31 1
23 2
2 26
26 2
2 4
4 27
27 19
19 20
20 7
7 13
13 30
30 17
17 18
18 11
11 10
10 9
9 31
31 29
29 14
14 1
1 24
24 47
47 48
48 25
23 2
2 4
4 19
19 20
20 7
7 12
12 11
11 10
10 9
9 15
15 49
49 18
18 13
13 25
2 3
3 4
4 23
23 19
19 20
20 6
6 13
13 9
9 17
17 16
16 15
23 33
33 2
2 32
32 3
3 4
4 17
17 15
15 1
1 25
25 9
9 20
20 7
7 19
19 10
10 11
11 13
20 21
21 7
7 50
50 2
2 26
26 3
3 2
2 4
4 27
27 25
25 51
51 20
20 13
13 17
17 18
18 9
9 10
10 11
11 12
12 15
15 38
38 36
36 28
52 36
36 37
37 38
38 27
27 19
19 5
5 20
20 14
14 7
7 21
21 6
6 13
13 28
28 53
9 12
12 27
27 19
19 5
5 39
39 40
40 28
28 2
2 4
4 15
15 16
16 17
17 18
18 1
1 20
20 26
9 43
43 9
9 10
10 15
15 2
2 4
4 27
20 7
7 5
5 23
23 2
2 4
4 27
27 28
28 9
9 10
10 31
31 1
1 13
13 49
49 37
54 20
20 7
7 30
30 24
4 55
55 14
14 2
2 34
34 3
3 32
32 36
36 28
28 29
29 7
7 6
6 20
9 10
10 11
11 12
12 7
7 4
4 20
20 25
25 33
15 9
9 10
10 27
27 19
19 5
5 7
7 2
2 4
4 20
20 13
2 4
4 15
15 9
9 10
10 27
27 19
19 5
5 7
7 20
15 9
9 10
10 12
12 2
2 4
4 27
27 19
20 7
7 2
2 23
23 56
56 3
3 4
4 9
9 36
36 57
57 15
15 1
23 2
2 3
3 34
34 32
32 26
26 4
4 25
25 50
50 23
23 9
9 10
10 58
58 40
40 15
15 33
59 60
60 2
2 4
4 2
2 23
23 9
9 11
11 39
39 40
40 29
29 28
28 25
25 5
5 7
7 20
20 61
61 36
36 37
37 62
1 20
20 7
7 2
2 4
4 23
23 15
15 17
17 18
18 9
9 10
10 11
11 12
20 21
21 8
8 6
6 7
7 2
2 4
4 25
25 63
63 44
44 64
25 2
2 4
4 19
19 20
20 65
65 13
13 66
66 9
9 10
10 11
11 12
12 17
17 18
9 11
11 12
12 17
17 18
18 20
20 2
2 4
4 7
7 1
1 23
23 2
2 26
26 46
46 15
15 13
13 24
61 7
7 20
20 1
1 2
2 4
4 25
25 9
9 10
10 11
11 17
17 18
18 15
5 7
7 20
20 2
2 4
4 27
27 2
2 23
23 50
50 15
15 25
25 13
13 36
36 37
37 28
28 9
9 10
10 11
11 16
16 17
17 18
18 29
29 14
14 1
20 7
7 2
2 4
4 2
2 23
23 19
19 15
15 16
16 17
17 11
11 12
2 3
3 2
2 4
4 27
27 15
15 29
29 1
1 9
9 7
7 20
20 19
19 2
2 4
1 25
25 2
2 4
4 19
19 20
20 9
9 10
10 11
11 12
12 17
17 15
15 7
7 16
16 13
13 5
5 36
36 14
23 2
2 26
26 2
2 4
4 19
19 20
20 7
7 9
9 12
12 39
39 40
40 24
19 5
5 6
6 7
7 8
8 21
21 20
20 46
46 18
18 17
17 14
14 39
39 13
62 25
25 67
38 23
23 4
4 39
39 9
9 20
20 6
6 5
5 7
7 2
2 4
4 68
68 9
9 28
28 33
2 34
34 3
3 32
32 26
26 44
44 4
4 19
19 17
17 18
18 30
30 20
20 15
15 23
23 33
23 3
3 26
26 4
4 19
19 20
20 9
9 10
10 11
11 12
12 17
17 15
15 1
2 4
4 27
27 14
14 7
7 13
13 26
20 5
5 7
7 14
14 2
46 2
2 32
32 3
3 26
26 4
4 15
15 16
16 41
41 18
18 17
17 49
49 9
9 10
10 11
11 12
12 17
17 18
18 19
19 20
9 11
11 12
12 17
17 18
18 20
20 1
1 23
23 2
2 26
26 46
46 13
13 24
1 4
4 26
26 20
20 5
5 15
15 9
9 11
11 12
12 17
2 4
4 27
27 19
19 20
20 6
6 9
9 11
11 12
12 17
17 15
15 13
2 4
4 20
20 6
6 9
9 11
11 12
12 17
17 15
15 13
13 1
1 23
2 4
4 27
27 19
19 9
9 11
11 12
12 17
17 15
15 13
13 20
20 21
21 6
6 1
1 23
9 43
43 9
23 2
2 4
4 27
27 6
6 7
7 15
15 16
16 17
17 18
18 9
9 10
10 38
38 37
37 20
25 2
2 4
4 19
19 20
20 9
9 10
10 11
11 12
12 17
17 18
18 1
1 23
23 2
2 26
26 5
5 15
15 13
13 45
45 58
58 24
9 43
43 9
9 11
11 12
12 2
2 4
4 27
27 20
20 21
21 8
8 7
7 6
19 2
2 34
34 32
32 3
3 2
2 4
4 11
11 12
12 9
9 10
10 7
7 20
25 7
7 5
5 20
20 39
39 40
40 28
28 25
25 13
13 17
17 18
18 25
25 23
23 2
2 4
4 27
27 19
19 9
9 11
11 31
31 25
25 15
15 25
25 61
61 36
36 69
1 20
20 21
21 8
8 7
7 6
6 2
2 4
4 10
10 9
9 43
43 9
9 39
39 40
40 15
7 5
5 20
20 13
13 15
15 28
28 23
23 2
2 26
26 2
2 4
4 27
27 24
24 9
9 31
31 11
1 23
23 2
2 26
26 2
2 4
4 27
27 19
19 20
20 7
7 9
9 10
10 11
11 15
15 5
5 14
14 62
62 13
13 30
30 17
17 18
18 29
29 39
39 52
23 2
2 3
3 34
34 32
32 2
2 4
4 51
51 70
70 25
25 50
50 15
15 71
71 17
17 18
18 7
7 20
20 9
9 10
10 33
20 21
21 8
8 7
7 6
6 19
19 2
2 3
3 2
2 4
4 27
27 15
15 72
72 73
4 7
7 20
20 65
65 13
13 66
66 15
15 17
17 18
18 2
2 9
9 10
10 11
11 12
13 7
7 20
38 23
23 4
4 9
9 20
20 25
7 5
5 20
20 23
23 2
2 26
26 2
2 4
4 28
28 15
15 17
17 18
18 9
9 10
10 11
11 1
1 25
1 17
17 18
18 2
2 4
4 27
27 20
20 21
21 8
8 7
7 6
6 15
15 74
74 14
14 9
9 43
43 9
9 10
10 13
13 22
19 6
6 7
7 8
8 21
21 20
20 2
2 4
4 27
27 15
15 9
9 43
43 9
9 10
10 1
1 17
17 18
7 5
5 20
20 2
2 3
3 2
2 4
4 24
24 15
15 28
28 10
10 9
9 29
29 1
2 4
4 19
19 20
20 15
15 1
1 23
23 9
9 10
10 11
11 12
12 46
2 26
26 4
4 27
27 23
23 15
15 5
5 7
7 20
20 10
10 11
11 75
75 17
17 13
13 1
2 26
26 4
4 19
19 7
7 15
15 1
1 13
13 9
9 10
10 11
11 17
17 76
24 2
2 3
3 26
26 50
50 4
4 27
27 25
25 76
76 15
15 5
5 20
20 7
7 39
39 9
9 10
10 11
11 36
36 37
37 1
1 46
46 77
77 23
23 33
9 27
27 19
19 5
5 6
6 7
7 21
21 15
15 35
35 78
78 14
14 20
20 2
2 4
4 26
26 36
36 37
15 2
2 4
4 15
15 16
16 17
17 18
18 9
9 5
5 20
20 26
26 15
15 9
9 10
9 10
10 20
20 15
15 35
35 17
17 18
18 1
1 2
2 4
17 18
18 30
30 2
2 4
4 15
15 16
16 29
29 9
9 20
20 26
26 14
14 27
27 19
19 5
5 25
23 2
2 26
26 4
4 19
19 23
23 33
33 15
15 7
7 20
20 25
25 76
76 10
10 11
11 12
12 17
17 36
36 37
37 1
1 74
74 79
2 3
3 4
4 19
19 17
17 15
15 20
20 6
6 1
1 10
10 11
11 12
12 25
2 34
34 3
3 32
32 2
2 4
4 23
23 15
15 25
25 26
26 7
7 20
15 17
17 18
18 30
30 2
2 4
4 9
9 1
1 6
6 7
7 27
27 19
19 5
11 12
12 19
19 13
13 4
4 19
19 5
23 33
33 20
20 46
13 14
14 2
2 3
3 32
32 4
4 27
27 20
20 80
80 16
16 1
1 81
81 36
36 28
20 21
21 8
8 6
6 7
7 13
13 66
66 22
22 1
1 23
23 56
56 33
33 9
9 43
43 9
2 34
34 3
3 32
32 2
2 4
4 15
15 13
13 7
7 20
20 14
9 10
10 11
11 12
12 17
17 18
18 2
2 4
4 19
19 20
20 7
7 15
15 1
82 2
2 4
4 27
27 19
19 83
83 30
30 84
84 36
36 37
37 64
2 3
3 4
4 23
23 9
9 10
10 11
11 12
12 1
1 17
46 1
1 7
7 20
20 23
23 9
9 10
10 11
11 17
17 18
18 85
85 15
15 13
13 33
33 2
2 3
3 34
34 32
32 50
50 2
2 4
4 25
2 34
34 3
3 32
32 2
2 4
4 19
19 5
5 7
7 20
20 9
9 10
10 1
1 25
1 17
17 18
18 2
2 4
4 27
27 9
9 43
43 9
9 10
2 4
4 20
20 15
15 9
9 10
10 1
1 27
27 19
19 5
5 7
25 2
2 4
4 19
19 20
20 2
2 9
9 10
10 11
11 12
12 17
17 18
18 1
1 23
23 26
26 36
36 15
15 7
7 45
45 58
58 39
39 40
40 54
23 39
39 40
40 7
7 14
14 13
13 30
30 25
2 4
4 19
19 20
20 7
7 2
2 3
3 26
26 32
32 50
50 44
44 24
24 15
15 1
1 14
14 12
12 9
9 10
10 11
11 13
13 17
17 18
2 4
4 25
25 19
19 20
20 9
9 10
10 11
11 12
12 17
17 18
18 1
1 26
26 86
86 5
5 15
15 7
7 87
87 13
13 54
2 4
4 25
25 19
19 20
20 9
9 10
10 11
11 12
12 17
17 18
18 15
15 7
7 58
58 39
39 40
25 2
2 4
4 19
19 20
20 9
9 10
10 11
11 12
12 17
17 18
18 1
1 23
23 2
2 26
26 36
36 15
15 7
7 16
16 51
51 13
13 69
69 6
6 24
33 2
2 3
3 34
34 32
32 2
2 4
4 15
15 7
7 9
1 23
23 2
2 4
4 19
19 20
20 7
7 15
15 10
10 11
11 17
17 61
1 17
17 18
18 15
15 2
2 3
3 34
34 32
32 2
2 4
20 5
5 7
7 2
2 4
4 25
25 15
15 16
16 17
17 10
10 9
9 1
23 2
2 3
3 34
34 32
32 26
26 50
50 33
33 88
88 1
1 25
25 23
23 2
2 4
4 89
89 19
19 7
7 20
20 23
23 15
15 45
45 18
18 17
17 9
9 58
58 40
23 2
2 4
4 27
27 25
25 9
9 10
10 15
15 7
7 20
20 13
13 30
30 17
17 18
18 46
46 1
1 28
2 4
4 19
19 20
20 9
9 10
10 11
11 12
12 17
17 15
15 7
7 1
1 46
7 5
5 20
20 15
15 11
11 12
12 18
18 17
17 10
10 9
9 4
4 2
2 19
19 25
2 4
4 27
27 19
19 20
20 7
7 2
2 3
3 26
26 23
23 1
1 14
14 9
9 10
10 36
36 37
37 61
2 3
3 26
26 32
32 50
50 2
2 4
4 19
19 20
20 7
7 15
15 1
1 12
12 9
9 10
10 11
11 13
13 49
25 2
2 4
4 19
19 20
20 9
9 10
10 11
11 12
12 17
17 18
18 1
1 23
23 2
2 26
26 46
46 15
15 7
7 58
58 24
1 25
25 23
23 2
2 3
3 4
4 10
10 17
17 5
1 24
24 2
2 26
26 2
2 4
4 19
19 33
33 9
9 10
10 11
11 12
12 30
30 18
18 17
17 15
15 46
46 13
13 5
5 20
19 5
5 9
9 43
43 9
9 10
10 2
2 4
4 27
27 20
20 21
21 8
8 7
7 6
6 15
15 1
25 2
2 4
4 19
19 20
20 9
9 10
10 11
11 12
12 17
17 18
18 1
1 23
23 2
2 26
26 46
46 15
15 7
7 24
4 2
2 25
25 20
20 19
4 2
2 15
15 20
20 9
9 1
1 16
1 23
23 33
33 2
2 3
3 26
26 4
4 27
27 20
20 9
9 11
11 15
15 24
2 4
4 51
51 70
70 25
25 50
50 15
15 7
7 20
20 33
33 9
9 10
10 11
20 21
21 8
8 7
7 6
6 9
9 43
43 9
9 11
11 10
10 12
12 2
2 3
3 2
2 4
4 27
27 14
14 13
13 22
20 7
7 4
4 2
2 23
23 67
67 81
81 38
38 11
11 13
46 11
11 12
12 13
13 66
66 22
22 20
20 21
21 8
8 6
6 7
19 5
5 6
6 7
7 8
8 21
21 20
20 2
2 4
4 27
27 9
9 43
43 9
9 1
1 17
17 18
18 46
46 13
13 22
2 4
4 2
2 23
23 7
7 90
90 47
47 24
24 5
5 7
7 20
20 7
7 29
29 14
14 7
7 13
13 91
91 49
49 7
7 15
15 28
28 7
7 11
11 9
9 7
20 21
21 8
8 6
6 7
7 17
17 18
20 6
6 2
2 34
34 3
3 33
33 23
23 1
1 4
4 19
19 5
5 17
17 18
18 30
30 11
11 12
12 9
9 10
15 37
37 17
17 18
18 2
2 4
4 27
27 19
19 25
25 9
9 10
10 12
12 11
11 7
7 5
25 36
36 37
37 17
17 18
18 2
2 4
4 27
27 19
19 25
25 15
15 9
9 23
23 21
21 92
92 7
7 5
2 4
4 15
15 9
9 10
10 17
17 18
18 15
15 16
16 1
1 25
25 23
2 4
4 19
19 20
20 7
7 11
11 9
9 12
12 10
10 14
14 15
15 1
1 24
24 13
25 2
2 4
4 23
23 10
10 9
9 15
15 3
3 26
2 4
4 20
20 39
39 40
40 93
93 14
14 13
13 30
30 49
49 18
18 29
6 7
7 8
8 20
20 2
2 4
4 25
25 9
9 43
43 9
9 11
23 33
33 2
2 26
26 4
4 27
27 62
62 74
74 15
15 5
5 7
7 20
20 17
17 10
10 11
11 1
1 25
44 62
62 95
95 46
46 1
96 64
64 2
2 26
26 9
9 46
29 39
20 7
7 2
2 4
4 2
2 23
23 15
15 16
16 17
17 9
9 1
1 5
20 7
7 36
36 38
38 28
28 5
20 2
2 32
32 3
3 26
26 4
4 2
2 4
4 1
1 9
9 15
15 16
16 17
17 18
18 15
15 16
16 10
10 11
11 12
12 19
19 21
21 6
6 7
25 2
2 4
4 19
19 20
20 9
9 10
10 11
11 12
12 17
17 18
18 1
1 23
23 2
2 26
26 36
36 13
13 6
6 45
45 58
58 39
39 40
20 2
2 32
32 3
3 26
26 4
4 15
15 9
9 10
10 11
11 19
19 21
21 6
6 7
7 1
15 17
17 2
2 3
3 26
26 4
4 23
23 10
10 11
11 1
28 2
2 26
26 4
4 19
19 25
25 16
16 15
15 5
5 6
6 21
21 20
20 10
10 17
17 29
29 9
9 33
33 1
1 24
24 76
76 97
97 15
15 9
9 25
25 2
2 4
4 19
19 20
20 7
39 9
9 15
15 24
24 29
29 25
25 46
46 62
62 74
74 23
23 2
2 4
4 27
27 19
19 5
5 7
7 20
20 1
1 61
61 36
36 37
37 28
28 16
16 10
10 11
11 12
12 17
17 54
98 99
99 100
2 4
4 11
11 12
12 15
15 17
7 5
5 20
20 23
23 2
2 26
26 2
2 4
4 27
27 14
14 15
15 101
101 62
62 11
11 9
9 10
10 17
17 18
18 1
1 24
2 4
4 19
19 26
26 3
3 11
11 12
12 10
10 9
64 5
5 6
6 19
19 4
4 26
26 3
3 34
34 1
1 102
102 69
20 7
7 6
6 9
9 10
10 5
5 2
2 4
4 15
15 1
1 11
11 12
12 19
23 2
2 4
4 17
17 15
15 10
10 11
11 25
25 1
1 9
9 24
2 3
3 26
26 4
4 19
19 20
20 17
17 15
15 1
1 23
23 46
46 10
10 11
2 4
4 7
7 20
20 9
9 10
10 11
11 12
12 17
17 15
15 16
5 7
7 20
20 2
2 4
4 14
14 11
11 10
10 12
12 13
23 7
7 5
5 20
20 13
13 14
14 9
9 11
26 50
50 64
64 30
30 17
17 18
18 29
29 28
28 61
19 5
5 6
6 7
7 8
8 21
21 20
20 2
2 4
4 27
27 9
9 43
43 9
9 10
10 1
1 17
17 18
88 1
1 26
26 25
25 50
50 2
2 4
4 19
19 7
7 20
20 9
9 10
10 11
11 12
12 26
26 58
58 40
40 28
28 15
15 45
45 17
17 18
18 33
26 9
9 28
28 19
19 5
5 6
6 7
7 21
21 20
20 2
2 4
1 23
23 4
4 19
19 20
20 7
25 3
3 26
26 32
32 23
23 2
2 4
4 27
27 19
19 15
15 7
7 5
5 20
20 11
11 12
12 18
18 17
17 1
1 25
1 46
46 2
2 4
4 19
19 20
20 7
7 15
15 24
24 12
12 9
9 10
10 11
11 17
17 18
2 4
4 20
20 9
9 29
29 15
7 6
6 20
20 23
23 33
33 13
15 5
5 7
7 20
20 9
9 66
66 13
13 2
2 3
3 26
26 4
4 23
23 33
13 46
46 14
14 7
7 20
23 2
2 4
4 11
11 12
12 17
17 9
9 20
20 6
6 46
2 26
26 4
4 7
7 103
103 20
20 9
9 1
2 10
45 17
17 18
18 2
2 50
50 32
32 34
34 3
3 26
26 2
2 4
4 27
27 20
20 21
21 5
5 7
7 9
9 10
10 11
11 12
12 52
52 58
58 13
13 39
39 40
40 1
1 88
88 44
44 23
23 33
33 25
25 104
9 17
17 15
15 20
20 7
7 33
33 2
2 4
4 1
1 19
19 5
5 26
26 25
2 4
4 32
32 2
2 23
23 1
1 7
7 12
12 11
11 10
10 9
9 17
17 15
25 17
17 2
2 26
26 4
4 19
19 24
24 39
39 9
9 12
12 1
1 46
46 15
23 33
33 24
24 15
15 11
11 17
17 2
2 26
26 4
4 27
27 25
5 6
6 7
7 15
15 35
35 17
17 18
18 30
30 15
15 16
16 17
17 18
18 20
20 9
9 10
10 11
11 12
12 2
2 4
4 2
2 4
4 26
26 1
1 19
19 36
36 37
37 38
38 36
36 37
13 28
28 15
15 16
16 17
17 18
18 2
2 4
4 19
19 5
5 6
6 7
7 21
21 20
20 9
9 11
11 12
12 39
39 40
40 24
24 36
36 105
1 25
25 2
2 4
4 19
19 20
20 15
15 17
17 7
7 9
9 10
10 11
11 12
25 2
2 4
4 19
19 20
20 9
9 10
10 11
11 12
12 17
17 18
18 1
1 23
23 2
2 26
26 45
45 58
58 40
40 24
1 23
23 2
2 26
26 46
46 15
15 13
13 24
1 23
23 2
2 26
26 46
46 15
15 13
13 24
9 11
11 12
12 17
17 18
18 20
20 2
2 4
4 7
7 1
1 23
23 2
2 26
26 46
46 15
15 13
13 24
2 32
32 3
3 26
26 4
4 15
15 16
16 17
17 18
18 25
25 24
24 25
1 17
17 18
18 2
2 4
4 27
27 19
19 5
5 20
20 21
21 8
8 7
7 6
6 9
9 43
43 9
9 10
10 46
25 2
2 4
4 20
20 29
29 9
9 10
10 11
11 15
15 7
7 1
1 23
23 54
23 2
2 26
26 2
2 4
4 27
27 28
28 15
15 17
17 18
18 13
20 21
21 7
7 50
50 2
2 26
26 3
3 2
2 4
4 27
27 25
25 51
51 20
20 13
13 17
17 18
18 9
9 10
10 11
11 12
12 15
11 12
12 25
25 2
2 34
34 3
3 32
32 4
4 20
54 41
41 17
17 10
10 1
1 4
4 23
2 30
30 20
20 7
2 4
4 1
1 9
9 10
10 11
11 12
12 17
17 15
15 13
1 81
81 62
62 74
74 15
15 17
17 23
23 26
26 2
2 4
4 19
19 20
20 6
6 10
10 9
20 6
6 7
7 24
24 4
4 19
19 5
5 6
6 7
7 39
39 40
40 28
28 36
36 61
61 2
2 34
34 3
3 32
32 26
26 23
23 33
41 18
18 17
17 2
2 4
4 20
20 7
7 5
5 55
55 15
15 16
16 23
23 1
1 88
1 2
2 4
4 27
27 19
19 15
15 7
7 5
5 20
20 10
10 9
9 13
23 2
2 4
4 27
27 19
19 6
6 20
20 17
17 18
18 9
9 10
10 12
7 5
5 20
20 23
23 2
2 4
4 27
27 50
50 9
9 10
10 11
11 15
15 29
29 17
17 18
18 1
1 25
106 107
107 108
2 4
4 25
25 7
7 5
5 20
20 26
26 55
55 19
19 74
74 13
13 109
109 36
5 20
20 36
36 61
61 10
10 11
11 17
17 2
2 32
32 3
3 4
4 27
27 23
23 33
33 76
76 25
25 16
16 15
15 24
24 77
77 1
15 1
1 25
25 2
2 4
4 19
19 7
7 20
1 23
23 33
33 2
2 3
3 4
4 27
27 25
25 15
15 20
20 21
21 103
103 6
6 5
5 24
24 19
19 5
5 10
10 11
11 17
17 76
76 29
29 9
9 62
62 36
36 37
5 6
6 7
7 8
8 20
20 2
2 4
4 23
23 15
15 16
16 9
9 10
10 17
17 18
2 4
4 25
25 50
50 23
23 46
46 33
33 46
46 20
20 7
7 17
17 18
18 28
28 23
23 74
74 25
41 17
17 9
9 10
10 11
11 25
25 2
2 26
26 4
4 19
19 23
23 33
33 1
1 61
2 26
26 4
4 27
27 25
25 15
15 1
1 10
10 9
9 13
13 20
20 7
25 2
2 26
26 4
4 19
19 17
17 9
9 5
5 6
6 20
20 15
15 1
1 23
1 25
25 17
17 23
23 2
2 4
4 27
27 20
20 7
2 34
34 3
3 32
32 2
2 4
4 25
25 13
13 9
9 5
5 20
2 19
19 5
5 7
7 20
20 33
33 13
19 6
6 7
7 8
8 21
21 20
20 30
30 61
61 37
37 28
28 46
2 4
4 25
25 19
19 20
20 9
9 10
10 11
11 12
12 17
17 18
18 1
1 23
23 26
26 36
2 4
4 27
27 19
19 25
25 1
1 13
13 17
17 18
18 15
15 9
9 10
10 12
12 11
11 36
36 20
20 7
7 5
5 46
20 54
54 2
2 34
34 3
3 32
32 4
4 19
19 5
5 7
7 6
6 17
17 18
18 11
11 12
1 17
17 18
18 2
2 3
3 2
2 4
4 27
27 14
14 9
9 43
43 9
9 10
10 15
15 20
20 21
21 8
8 7
7 6
6 24
20 21
21 7
7 50
50 2
2 26
26 3
3 2
2 4
4 27
27 25
25 51
51 20
20 13
13 17
17 18
18 15
15 24
24 9
9 10
20 5
5 7
7 2
2 4
4 25
25 36
36 28
28 17
17 18
18 15
15 9
9 10
10 23
23 1
19 27
27 20
20 7
7 6
6 2
2 4
4 25
25 15
15 9
9 10
10 11
11 12
12 36
36 13
19 20
20 6
6 8
8 7
7 2
2 4
2 26
26 50
50 23
23 2
2 4
4 19
19 7
7 20
20 9
9 11
11 1
1 24
36 20
20 7
7 5
5 2
2 4
4 27
27 19
19 25
25 15
15 57
57 23
59 60
59 111
5 7
7 20
20 17
17 18
18 2
2 4
4 2
2 23
23 9
9 11
11 15
15 28
28 29
29 1
112 5
5 19
19 26
26 4
113 114
26 4
4 5
5 20
20 19
19 7
7 15
15 39
39 40
15 13
13 14
14 115
115 116
116 23
23 33
33 1
1 67
67 10
29 19
19 5
5 20
20 7
7 9
9 13
13 14
20 7
7 2
2 4
4 23
23 33
33 15
15 16
16 17
17 10
10 9
9 1
1 13
92 21
21 2
2 4
4 19
19 7
7 20
20 9
9 11
11 117
117 17
17 18
18 30
17 18
18 62
62 2
2 4
4 19
19 20
20 7
23 33
33 2
2 26
26 3
3 4
4 27
27 25
25 19
19 5
5 7
7 103
103 20
20 39
39 9
9 24
24 10
10 11
11 12
12 45
45 17
17 61
61 36
36 37
37 28
28 1
1 62
62 74
74 54
54 46
46 13
13 61
61 29
29 76
76 15
15 80
80 106
106 16
2 4
4 27
27 19
19 25
25 1
1 13
13 17
17 18
18 36
36 20
20 21
21 92
92 7
7 9
9 10
10 12
12 11
11 15
15 57
57 46
46 24
27 19
19 5
5 6
6 7
7 21
21 15
15 35
35 78
78 14
14 20
20 9
9 10
10 12
12 11
11 2
2 4
4 25
25 24
24 36
36 37
9 15
15 35
35 13
13 26
26 27
27 19
19 5
5 20
20 2
2 4
4 6
6 7
7 21
21 25
25 24
9 10
10 12
12 11
11 9
9 2
2 3
3 26
26 4
4 27
27 19
19 20
20 7
7 15
15 13
13 17
17 18
18 1
1 23
23 33
33 118
118 25
25 81
81 119
25 23
23 2
2 4
4 19
19 7
7 20
20 15
15 29
29 9
9 10
10 120
120 39
39 40
40 14
14 1
33 2
2 3
3 32
32 23
23 15
15 24
24 2
2 4
4 27
27 20
20 19
19 5
5 7
7 9
9 10
10 1
1 36
36 17
17 18
18 26
5 7
7 20
20 23
23 2
2 26
26 2
2 4
4 19
19 9
9 11
11 1
1 46
46 15
15 28
28 13
13 30
30 17
17 18
18 16
16 12
12 10
83 9
9 10
10 11
11 29
29 36
36 37
37 15
15 16
16 17
17 18
18 27
27 19
19 5
5 2
2 4
4 2
2 4
4 1
1 20
20 25
25 24
24 25
25 24
2 4
4 19
19 9
9 10
10 23
23 33
33 5
5 36
36 20
20 7
7 15
15 13
13 1
1 38
38 54
1 2
2 26
26 3
3 23
23 32
32 25
25 86
86 50
50 4
4 27
27 90
90 19
19 7
7 15
15 16
16 13
13 38
38 121
121 46
46 17
17 18
18 9
9 11
11 12
12 20
20 64
1 2
2 4
4 13
13 41
41 9
9 10
10 12
12 11
11 17
17 20
20 5
5 15
15 26
26 50
1 2
2 26
26 3
3 32
32 23
23 4
4 27
27 25
25 15
15 16
16 19
19 122
122 90
90 123
123 81
81 36
36 37
37 29
29 17
17 18
7 19
19 5
5 20
20 23
23 2
2 26
26 2
2 4
4 27
27 28
28 9
9 10
10 11
11 15
15 14
14 39
39 40
40 37
37 36
36 50
50 29
29 17
17 18
18 1
1 25
2 3
3 23
23 32
32 4
4 27
27 90
90 86
86 25
25 21
21 92
92 7
7 20
20 124
124 125
125 17
17 18
18 30
2 4
4 25
25 11
11 12
12 9
9 12
12 19
19 17
17 15
15 6
6 7
7 5
5 20
20 29
29 13
20 21
21 7
7 50
50 2
2 26
26 3
3 2
2 4
4 27
27 25
25 51
51 20
20 13
13 17
17 18
18 9
9 10
10 11
11 12
12 15
15 24
24 36
36 37
37 28
23 33
33 2
2 15
15 24
24 2
2 3
3 32
32 2
2 26
26 4
4 27
27 5
5 7
7 20
20 1
1 17
17 18
23 33
33 2
2 3
3 32
32 2
2 26
26 4
4 27
27 20
20 5
5 7
7 17
17 18
18 15
15 24
24 9
9 10
10 1
2 32
32 2
2 26
26 23
23 33
33 4
4 27
27 7
7 20
20 15
15 17
17 18
18 9
9 10
10 11
11 12
12 1
2 23
23 2
2 4
4 19
19 20
20 7
7 15
15 28
28 13
13 30
30 17
17 18
18 90
90 24
24 37
37 36
36 14
14 39
39 40
40 50
50 29
29 9
9 10
10 31
31 12
15 2
2 4
4 19
19 17
17 18
18 13
13 46
46 9
9 10
10 12
12 11
17 18
18 2
2 4
4 27
27 25
25 20
20 126
126 7
7 5
5 15
15 16
16 28
28 9
9 11
11 12
12 29
29 10
10 19
19 1
1 33
4 26
26 17
17 18
18 30
30 13
13 7
7 20
20 6
6 19
13 20
20 19
19 5
5 7
7 17
17 18
18 1
1 9
9 10
10 11
11 23
23 34
34 2
2 4
4 15
15 46
46 127
2 4
4 33
33 9
9 10
10 11
11 12
12 17
17 18
18 7
7 20
20 5
5 15
15 29
29 2
2 19
19 1
1 46
13 2
2 4
4 25
25 9
9 12
12 11
11 26
26 14
14 7
7 5
5 20
66 2
2 4
4 7
7 20
20 13
13 10
10 9
9 19
19 1
1 46
3 2
2 4
4 25
25 33
33 29
29 9
9 10
10 15
15 36
36 37
37 19
19 20
20 7
7 1
1 128
128 46
46 11
11 12
12 13
13 17
17 18
18 129
129 62
2 4
4 27
27 19
19 1
1 9
9 10
10 11
11 12
12 17
17 18
18 7
7 5
5 15
15 41
2 26
26 3
3 32
32 23
23 4
4 27
27 25
25 15
15 19
19 122
122 90
90 123
123 10
10 11
11 12
12 9
9 14
14 16
16 13
4 9
9 20
20 7
7 13
13 12
12 11
11 14
14 37
37 38
15 16
16 17
17 18
18 2
2 4
4 27
27 20
20 7
7 10
10 9
9 33
20 7
7 15
15 17
17 18
18 9
9 10
10 12
12 11
11 9
9 2
2 4
4 27
27 19
19 25
25 14
14 81
81 119
119 1
1 23
23 33
50 2
2 23
23 33
33 2
2 4
4 27
27 20
20 7
7 17
17 18
18 13
13 10
1 2
2 26
26 3
3 23
23 32
32 25
25 86
86 50
50 4
4 27
27 90
90 19
19 7
7 15
15 13
13 38
38 121
121 20
20 21
21 17
17 18
18 36
36 28
20 21
21 7
7 50
50 2
2 26
26 3
3 2
2 4
4 27
27 25
25 51
51 20
20 13
13 17
17 18
18 11
11 12
12 9
9 10
10 15
15 16
16 36
36 37
37 28
2 4
4 19
19 23
23 17
17 13
13 9
9 12
12 10
10 130
130 11
11 15
15 16
16 36
36 20
20 29
7 5
5 20
20 7
7 13
13 30
30 17
17 18
18 7
7 9
9 11
11 31
31 7
7 15
15 62
62 7
7 39
39 40
40 28
28 7
7 2
2 4
4 2
2 23
23 7
7 54
2 4
4 27
27 19
19 23
23 15
15 36
36 37
37 20
20 7
7 9
9 10
10 28
28 13
13 25
25 33
33 54
2 4
4 27
27 23
23 20
20 5
5 7
7 9
9 10
10 12
12 15
15 18
18 17
17 1
1 33
33 25
25 19
19 26
26 29
38 17
17 18
18 4
4 2
2 23
23 1
1 9
9 10
10 11
11 12
12 15
15 20
20 7
7 54
54 46
46 14
14 74
74 25
20 14
14 2
2 26
26 3
3 50
50 4
4 19
19 21
21 6
6 5
5 7
7 15
15 16
16 37
37 36
36 28
28 9
9 10
10 11
11 12
12 17
17 18
18 77
77 33
33 73
83 17
17 18
18 2
2 56
56 4
4 20
20 9
9 12
12 7
7 13
13 28
28 5
5 25
25 14
3 2
2 4
4 9
9 11
11 12
12 46
46 1
1 40
40 26
26 54
54 20
20 33
20 21
21 7
7 50
50 2
2 26
26 3
3 2
2 4
4 27
27 25
25 51
51 20
20 13
13 17
17 18
18 11
11 12
12 9
9 10
10 36
36 37
37 28
28 36
36 37
37 28
20 21
21 7
7 50
50 2
2 26
26 3
3 2
2 4
4 27
27 25
25 51
51 20
20 13
13 17
17 18
18 9
9 10
10 11
11 12
12 15
15 24
24 36
36 37
37 28
4 2
2 19
19 20
20 45
45 41
41 7
7 9
9 39
39 40
40 1
1 28
28 37
37 36
36 15
15 16
16 17
17 18
18 46
46 13
2 4
4 19
19 20
20 7
7 11
11 12
12 10
10 15
15 17
17 18
18 46
46 1
1 131
131 13
13 66
66 61
61 9
9 132
132 53
23 2
2 26
26 2
2 24
24 7
7 4
4 20
20 7
7 12
12 10
10 31
31 7
7 9
9 11
11 7
7 13
13 30
30 49
49 7
7 6
6 5
5 1
1 7
7 37
37 36
36 61
61 7
9 11
11 12
12 2
2 4
4 27
27 19
19 20
20 7
7 15
15 17
17 18
18 1
1 23
23 13
13 54
54 24
24 25
25 14
33 2
2 3
3 26
26 23
23 15
15 24
24 2
2 4
4 27
27 20
20 9
9 10
10 11
11 12
12 17
17 18
18 1
2 23
23 33
33 15
15 16
16 2
2 4
4 27
27 19
19 20
20 133
133 7
7 9
9 10
10 11
11 12
12 13
13 17
17 18
18 1
1 25
46 23
23 33
33 15
15 17
17 2
2 4
4 27
27 20
20 133
133 1
1 19
19 7
7 9
9 10
10 11
11 12
12 13
2 23
23 33
33 15
15 24
24 2
2 4
4 27
27 13
13 20
20 7
7 9
9 10
10 11
11 1
26 2
2 3
3 32
32 23
23 33
33 15
15 24
24 9
9 10
10 2
2 4
4 27
27 20
20 133
133 19
19 17
17 18
18 1
7 5
5 20
20 9
9 10
10 11
11 39
39 40
40 17
17 18
18 15
15 28
28 23
23 2
2 4
4 27
27 25
25 1
2 4
4 27
27 23
23 33
33 5
5 7
7 20
20 15
15 24
24 13
13 17
17 18
18 28
28 9
9 10
1 23
23 85
85 2
2 4
4 27
27 19
19 7
7 13
13 46
46 7
7 15
15 10
10 11
11 9
9 17
17 18
23 33
33 15
15 24
24 2
2 3
3 2
2 4
4 27
27 5
5 7
7 20
20 10
10 11
11 12
12 17
17 18
18 1
1 36
26 23
23 2
2 3
3 4
4 27
27 19
19 23
23 16
16 15
15 61
61 17
17 18
18 23
23 9
9 10
10 12
12 11
11 58
58 39
39 40
40 20
20 7
7 1
15 2
2 3
3 2
2 4
4 27
27 20
20 133
133 9
9 10
10 11
11 12
12 134
134 17
17 18
18 1
1 25
2 3
3 26
26 32
32 23
23 33
33 15
15 2
2 4
4 27
27 19
19 7
7 20
20 133
133 9
9 10
10 11
11 12
12 1
1 17
17 18
18 46
46 24
1 23
23 33
33 15
15 24
24 9
9 10
10 11
11 12
12 2
2 4
4 27
27 7
7 20
20 133
133 13
13 17
17 18
18 19
19 5
20 17
17 2
2 4
4 19
19 27
27 6
6 5
5 7
7 11
11 12
12 10
10 9
9 15
15 1
1 36
36 25
1 25
25 9
9 10
10 11
11 12
12 17
17 18
18 26
26 2
2 3
3 34
34 77
77 33
33 32
32 50
50 24
24 15
15 5
5 20
20 2
2 4
4 27
27 19
19 36
36 37
37 28
17 135
135 29
29 1
1 2
2 9
20 21
21 7
7 50
50 2
2 26
26 3
3 2
2 4
4 27
27 25
25 51
51 20
20 13
13 17
17 18
18 11
11 12
12 15
15 16
16 36
36 37
37 28
20 21
21 7
7 50
50 2
2 26
26 3
3 2
2 4
4 27
27 25
25 51
51 20
20 13
13 17
17 18
18 15
15 16
16 9
9 10
10 46
2 3
3 26
26 32
32 23
23 33
33 15
15 2
2 4
4 27
27 19
19 7
7 20
20 133
133 1
1 17
17 18
18 9
9 10
10 11
11 12
12 46
26 2
2 23
23 4
4 27
27 19
19 5
5 20
20 1
1 36
36 37
37 39
39 24
24 10
10 11
11 12
12 18
18 9
9 15
1 28
28 2
2 4
4 23
23 15
15 16
16 17
17 18
18 9
9 20
20 19
19 5
5 7
7 13
23 3
3 26
26 2
2 34
34 2
2 4
4 25
25 50
50 24
24 7
7 19
19 27
27 20
20 5
5 6
6 7
7 15
15 9
9 10
10 11
11 12
12 36
36 1
1 13
13 14
14 17
17 18
18 30
20 21
21 7
7 50
50 2
2 26
26 3
3 2
2 4
4 27
27 25
25 51
51 20
20 13
13 17
17 18
18 9
9 10
10 11
11 12
12 15
15 16
16 36
36 37
37 28
46 1
1 2
2 4
4 27
27 19
19 6
6 15
15 11
11 12
12 10
10 9
9 17
17 18
18 83
2 4
4 2
2 23
23 39
39 40
40 7
7 20
20 12
12 9
9 11
11 15
15 28
28 13
13 1
1 24
7 5
5 20
20 7
7 23
23 2
2 4
4 19
19 24
24 7
7 29
29 28
28 7
7 12
12 9
9 11
11 31
31 7
7 15
15 7
7 1
19 7
7 20
20 2
2 4
4 19
19 15
15 25
25 18
18 17
17 9
9 10
10 11
11 12
12 13
13 1
2 56
56 4
4 20
20 15
15 16
16 13
13 28
28 5
5 36
36 14
14 25
25 136
136 29
29 9
9 12
12 7
26 2
2 4
4 10
10 12
12 17
17 18
18 9
9 11
11 20
20 7
7 62
62 56
56 1
1 62
62 25
1 2
2 26
26 3
3 32
32 23
23 4
4 27
27 25
25 15
15 19
19 122
122 90
90 123
123 10
10 11
11 12
12 9
9 14
20 21
21 7
7 50
50 2
2 26
26 3
3 2
2 4
4 27
27 25
25 51
51 20
20 13
13 17
17 18
18 9
9 10
10 11
11 12
12 15
15 16
16 36
36 37
37 28
26 32
32 2
2 4
4 19
19 9
9 10
10 12
12 11
11 17
17 15
15 16
16 36
36 20
20 7
7 5
5 6
6 13
13 50
50 44
44 46
46 1
1 36
36 28
28 25
25 2
2 26
26 3
3 33
33 20
20 7
7 5
5 19
19 4
4 27
27 17
17 18
18 14
14 13
13 62
62 9
9 10
10 11
11 12
12 15
23 33
33 15
15 24
24 2
2 4
4 27
27 20
20 1
1 17
17 18
18 9
9 12
2 4
4 33
33 9
9 10
10 11
11 12
12 15
15 62
62 19
19 20
20 5
5 7
7 1
1 17
17 13
1 7
7 2
2 4
4 27
27 19
19 25
25 15
15 16
16 9
9 11
11 12
12 20
20 10
10 17
17 18
18 28
28 36
1 2
2 4
4 23
23 20
20 21
21 8
8 6
6 7
7 13
13 66
66 22
22 15
15 17
17 18
18 9
9 10
10 11
39 58
58 9
9 45
45 30
30 18
18 17
17 2
2 26
26 23
23 32
32 3
3 50
50 4
4 25
25 36
36 38
38 37
37 1
1 19
38 36
36 37
37 2
2 4
4 27
27 19
19 25
25 1
1 13
13 17
17 18
18 9
9 10
10 21
21 92
92 7
7 5
5 23
38 36
36 37
37 2
2 4
4 27
27 19
19 25
25 1
1 13
13 17
17 18
18 9
9 10
10 21
21 92
92 7
7 5
5 23
10 11
11 12
12 29
29 9
9 20
20 57
57 15
15 21
21 92
92 7
7 23
23 2
2 4
4 27
27 19
19 70
70 25
25 24
2 34
34 2
2 4
4 27
27 4
4 9
9 10
10 11
11 12
12 15
15 5
5 17
17 18
18 1
1 20
20 7
7 6
6 46
46 23
23 33
1 17
17 18
18 15
15 24
24 2
2 4
4 27
27 20
20 7
7 9
9 10
10 12
12 46
1 23
23 33
33 15
15 17
17 18
18 9
9 10
10 11
11 12
12 2
2 4
4 27
27 7
7 20
20 7
7 15
15 17
17 18
18 2
2 4
4 27
27 19
19 9
9 10
10 11
11 12
12 1
1 13
26 2
2 3
3 32
32 23
23 33
33 15
15 24
24 2
2 4
4 27
27 17
17 18
18 9
9 10
10 11
11 12
12 1
29 23
23 2
2 4
4 19
19 7
7 20
20 15
15 1
1 25
25 46
46 24
24 10
10 11
11 12
2 4
4 9
9 11
11 39
39 40
40 7
7 20
20 13
13 30
30 49
49 61
61 37
37 25
23 2
2 3
3 26
26 2
2 4
4 27
27 19
19 7
7 20
20 47
47 64
64 44
44 62
62 39
39 40
40 104
104 14
14 46
46 1
1 24
2 4
4 7
7 20
20 17
17 30
30 13
13 14
14 9
9 10
10 15
15 16
16 1
1 26
26 17
17 18
18 30
7 5
5 20
20 7
7 2
2 4
4 19
19 28
28 11
11 9
9 31
31 12
12 15
15 24
24 1
19 5
5 7
7 9
9 43
43 9
9 10
10 2
2 4
4 27
27 20
20 21
21 8
8 7
7 6
6 13
13 22
22 1
1 23
23 56
56 33
33 137
4 2
2 7
7 20
20 10
10 12
12 11
11 13
13 1
1 16
16 80
1 25
25 3
3 2
2 4
4 23
23 9
9 12
12 15
15 17
17 18
18 19
19 7
20 21
21 7
7 50
50 2
2 26
26 3
3 2
2 4
4 27
27 25
25 51
51 20
20 13
13 17
17 18
18 15
15 16
16 9
9 10
1 2
2 4
4 23
23 33
33 9
9 15
15 17
17 18
18 30
21 13
13 18
18 17
17 10
10 12
12 11
11 9
9 2
2 3
3 4
4 27
27 19
19 20
20 15
15 6
6 88
88 1
1 46
2 4
4 19
19 9
9 12
12 11
11 17
17 15
15 36
36 28
28 20
20 7
7 5
5 1
2 4
4 19
19 7
7 20
20 15
15 36
36 9
9 10
10 12
12 17
17 23
23 1
20 21
21 7
7 50
50 2
2 26
26 3
3 2
2 4
4 27
27 25
25 51
51 20
20 13
13 17
17 18
18 9
9 10
10 36
36 37
37 28
20 21
21 7
7 50
50 2
2 26
26 3
3 2
2 4
4 27
27 25
25 51
51 20
20 13
13 17
17 18
18 15
15 24
24 9
9 10
1 25
25 2
2 4
4 7
7 15
15 17
17 18
18 29
29 28
28 20
33 2
2 4
4 9
9 17
17 15
15 20
20 7
7 1
1 19
20 21
21 7
7 50
50 2
2 26
26 3
3 2
2 4
4 27
27 25
25 51
51 20
20 13
13 17
17 18
18 9
9 10
10 36
36 37
37 28
20 21
21 7
7 50
50 2
2 26
26 3
3 2
2 4
4 27
27 25
25 51
51 20
20 13
13 17
17 18
18 9
9 10
10 11
11 12
12 7
20 21
21 7
7 50
50 2
2 26
26 3
3 2
2 4
4 27
27 25
25 51
51 20
20 13
13 17
17 18
18 9
9 10
10 36
36 37
37 28
66 17
17 18
18 50
50 32
32 26
26 2
2 4
4 23
23 33
33 36
36 37
37 20
20 19
19 7
7 24
24 5
5 9
9 12
12 11
11 15
2 4
4 27
27 9
9 10
10 15
15 19
19 23
2 4
4 20
20 45
45 17
17 18
18 15
15 28
28 36
36 26
26 25
25 5
5 7
7 24
19 20
20 7
7 26
26 2
2 34
34 2
2 4
4 25
25 50
50 24
24 15
15 9
9 10
10 11
11 12
12 1
2 4
4 15
15 11
11 12
12 10
10 25
25 9
9 1
1 5
5 23
2 4
4 27
27 25
25 54
54 28
28 10
10 9
9 138
138 23
23 15
15 1
20 21
21 7
7 19
19 27
27 4
4 2
2 4
4 6
6 28
19 20
20 1
1 2
2 4
4 12
12 11
11 10
10 9
9 15
15 16
16 17
17 13
13 25
2 23
23 10
10 11
11 12
12 9
9 30
30 18
18 17
17 20
20 21
21 7
7 38
38 27
27 4
4 2
2 33
33 26
26 25
25 10
10 12
12 17
17 18
18 38
38 15
15 9
9 14
14 28
28 1
1 13
20 21
21 7
7 50
50 2
2 26
26 3
3 2
2 4
4 27
27 25
25 51
51 20
20 13
13 17
17 18
18 15
15 16
16 9
9 10
26 2
2 4
4 19
19 9
9 10
10 11
11 12
12 15
15 1
1 36
36 20
20 7
7 46
112 139
139 140
140 5
5 20
20 141
141 38
38 20
20 142
142 7
7 2
2 3
3 4
4 27
27 19
19 9
9 10
10 12
12 11
11 15
15 17
17 13
13 14
20 21
21 7
7 50
50 2
2 26
26 3
3 2
2 4
4 27
27 25
25 51
51 20
20 13
13 17
17 18
18 11
11 12
12 36
36 37
37 28
17 18
18 15
15 9
9 11
11 12
12 2
2 4
4 20
20 7
7 1
1 23
23 33
33 14
14 9
20 2
2 4
4 15
15 9
9 29
1 33
33 2
2 32
32 4
4 20
20 7
7 15
15 28
28 9
9 12
12 17
17 18
18 14
14 74
74 69
23 33
33 2
2 15
15 10
10 1
1 9
9 17
17 18
18 2
2 4
4 19
19 7
7 20
20 133
25 2
2 4
4 19
19 20
20 9
9 10
10 11
11 12
12 17
17 18
18 1
1 23
23 2
2 26
26 46
46 15
15 7
7 13
13 24
23 56
56 20
20 54
54 136
136 29
29 39
39 96
5 20
20 33
33 2
2 4
4 9
9 1
1 6
6 7
7 15
15 17
17 18
39 40
40 9
9 11
11 2
2 26
26 2
2 4
4 27
27 28
28 1
1 5
5 7
7 20
20 17
17 18
18 30
15 24
24 2
2 4
4 27
27 5
5 7
7 20
20 1
1 17
17 18
18 9
9 10
2 3
3 2
2 23
23 33
33 15
15 20
20 133
133 9
9 10
10 12
12 13
13 17
17 18
18 4
4 27
2 4
4 27
27 9
9 10
10 20
20 13
13 17
17 18
18 28
28 1
15 17
17 18
18 9
9 10
10 11
11 12
12 2
2 3
3 32
32 26
26 23
23 33
33 2
2 4
4 27
27 20
20 133
133 13
13 1
1 25
1 20
20 7
7 2
2 4
4 23
23 9
9 10
10 11
11 12
12 15
15 17
17 18
18 30
23 33
33 2
2 15
15 24
24 2
2 4
4 27
27 20
20 5
5 7
7 17
17 18
18 1
30 17
17 18
18 15
15 16
16 9
9 12
12 11
11 2
2 4
4 20
20 7
7 13
1 20
20 7
7 2
2 4
4 23
23 9
9 10
10 11
11 12
12 15
15 13
13 17
17 18
2 4
4 20
20 7
7 136
136 29
29 15
15 16
16 13
13 28
28 5
5 36
36 14
14 25
2 4
4 19
19 9
9 10
10 11
11 12
12 17
17 18
18 1
1 7
7 20
20 143
143 15
15 62
62 40
25 2
2 4
4 19
19 20
20 9
9 10
10 11
11 12
12 17
17 18
18 1
1 23
23 2
2 26
26 46
46 15
15 7
7 24
25 2
2 4
4 19
19 20
20 9
9 10
10 11
11 12
12 17
17 18
18 1
1 23
23 2
2 26
26 36
36 13
13 6
6 45
45 58
58 39
39 40
23 2
2 26
26 2
2 4
4 27
27 19
19 7
7 20
20 12
12 9
9 10
10 11
11 15
15 1
1 31
31 13
13 30
30 17
17 18
18 29
2 4
4 23
23 25
25 144
144 9
9 10
10 11
11 12
12 15
15 17
17 18
18 19
19 5
5 7
7 20
20 13
13 1
26 17
17 70
70 25
25 15
15 16
16 9
9 20
20 7
7 2
2 4
4 1
1 23
23 12
12 10
10 11
19 20
20 7
7 2
2 34
34 2
2 4
4 25
25 14
14 15
15 6
6 5
5 9
9 10
10 17
17 18
18 1
25 2
2 4
4 19
19 20
20 9
9 10
10 11
11 12
12 17
17 18
18 1
1 23
23 2
2 26
26 46
46 15
15 7
7 24
17 30
30 18
18 23
23 32
32 3
3 2
2 4
4 15
15 16
16 132
132 29
29 9
9 10
2 33
33 4
4 9
9 12
12 11
11 10
10 20
20 1
1 19
19 6
15 16
16 9
9 10
10 11
11 12
12 13
13 37
37 28
28 1
1 23
23 2
2 25
25 4
4 7
7 20
26 4
4 5
5 20
20 19
19 7
7 9
9 12
12 15
15 1
1 69
1 25
25 2
2 26
26 145
145 14
14 4
4 6
6 5
5 21
21 20
20 15
15 17
17 25
25 1
1 145
145 14
14 9
9 11
11 10
10 12
12 13
36 20
20 21
21 92
92 7
7 5
5 2
2 4
4 27
27 19
19 25
25 15
15 57
57 23
1 36
36 37
37 20
20 7
7 3
3 32
32 26
26 2
2 4
4 25
25 15
15 16
16 14
14 74
74 9
9 11
11 12
12 41
41 18
18 17
2 23
23 33
33 15
15 17
17 18
18 2
2 4
4 27
27 7
7 9
26 4
4 9
9 12
12 1
1 17
17 146
146 26
26 4
26 2
2 23
23 33
33 15
15 17
17 18
18 2
2 4
4 27
27 1
1 11
11 12
4 23
23 15
15 2
2 39
39 10
10 20
20 17
17 24
1 36
36 37
37 28
28 17
17 15
15 20
20 7
7 23
23 2
2 4
4 27
27 25
25 9
17 2
2 3
3 4
4 27
27 23
23 9
9 25
25 1
1 10
10 11
11 15
15 20
20 7
20 1
1 147
147 2
2 34
34 4
4 26
26 55
55 15
15 10
10 28
28 17
17 18
18 44
44 122
122 148
148 25
38 17
17 18
18 2
2 4
4 27
27 19
19 25
25 15
15 9
9 23
32 2
2 4
4 5
5 20
20 54
54 17
17 18
18 39
39 40
40 9
9 15
15 1
20 7
7 23
23 2
2 4
4 25
25 15
15 17
17 18
18 1
1 10
10 11
2 4
4 19
19 7
7 20
20 7
7 12
12 9
9 11
11 7
7 61
61 36
36 37
37 14
14 7
7 13
13 30
30 49
2 23
23 26
26 2
2 4
4 50
50 9
9 11
11 39
39 40
40 7
20 7
7 12
12 11
11 9
9 62
62 16
16 24
24 50
5 7
7 20
20 7
7 2
2 4
4 19
19 28
28 7
7 15
15 1
1 7
7 9
9 17
17 2
2 4
4 25
25 20
20 7
7 15
15 14
14 1
46 1
1 2
2 4
4 20
20 10
10 11
11 12
12 13
13 22
2 3
3 4
4 23
23 11
11 1
1 13
13 9
9 17
17 16
16 15
9 12
12 11
11 9
9 15
15 2
2 4
4 20
20 7
7 25
39 20
20 21
21 7
7 50
50 2
2 26
26 3
3 2
2 4
4 27
27 25
25 51
51 15
15 16
16 9
9 10
2 4
4 27
27 19
19 7
7 15
15 17
17 18
18 11
11 10
10 9
9 20
20 1
1 46
39 20
20 21
21 7
7 50
50 2
2 26
26 3
3 2
2 4
4 27
27 25
25 51
51 9
9 10
10 11
11 12
20 21
21 7
7 50
50 2
2 26
26 3
3 2
2 4
4 27
27 25
25 51
51 15
15 16
16 9
9 10
20 21
21 7
7 50
50 2
2 26
26 3
3 2
2 4
4 27
27 25
25 51
51 15
15 16
16 9
2 4
4 7
7 20
20 9
9 10
10 12
12 11
11 15
15 25
25 18
18 17
17 13
13 1
29 15
15 9
9 11
11 13
13 1
4 2
2 3
3 15
15 16
16 10
10 9
9 12
12 11
11 1
1 5
5 149
15 16
16 9
9 10
10 11
11 12
12 4
4 2
2 23
23 1
1 7
7 20
7 20
20 2
2 1
1 2
2 4
4 25
25 15
15 11
11 10
2 4
4 2
2 23
23 15
15 28
28 29
29 25
25 9
9 1
4 2
2 1
1 15
15 14
14 20
20 7
7 28
20 21
21 7
7 50
50 2
2 26
26 3
3 2
2 4
4 27
27 25
25 51
51 15
15 16
16 9
9 10
17 18
18 2
2 4
4 25
25 9
9 15
15 56
2 56
56 4
4 20
20 15
15 16
16 9
9 12
12 7
7 136
136 29
2 4
4 27
27 6
6 11
11 12
12 9
9 15
15 17
17 18
18 36
36 61
61 20
20 7
7 2
2 4
4 23
23 15
15 17
17 18
18 13
19 6
6 17
17 2
2 4
4 20
20 11
11 12
12 10
10 9
9 46
46 1
20 19
19 6
6 7
7 23
23 2
2 4
4 15
15 16
16 9
9 10
24 2
2 4
4 20
20 7
7 15
15 16
16 5
5 36
36 14
14 25
2 4
4 20
20 7
7 9
9 12
12 11
11 1
1 17
17 32
32 25
20 21
21 7
7 50
50 2
2 26
26 3
3 2
2 4
4 27
27 25
25 51
51 15
15 16
16 9
9 10
24 2
2 34
34 2
2 4
4 25
25 50
50 27
27 20
20 6
6 5
5 7
7 9
9 10
10 11
11 12
12 36
36 13
13 14
26 4
4 5
5 20
20 19
19 7
7 9
9 12
12 15
19 27
27 20
20 6
6 7
7 26
26 2
2 34
34 2
2 4
4 25
25 50
50 24
24 7
7 15
15 1
1 9
9 10
10 11
11 12
12 17
4 2
2 15
15 20
20 7
2 4
4 20
20 7
7 15
15 17
17 10
10 9
9 13
13 25
7 20
20 4
4 2
2 15
15 122
122 9
9 10
10 11
11 12
12 17
17 13
13 25
2 4
4 20
20 15
15 9
6 33
33 2
2 4
4 9
9 17
1 46
46 2
2 4
4 19
19 6
6 15
15 39
39 40
23 25
25 74
74 14
14 13
13 41
41 12
12 11
11 17
17 20
20 5
39 20
20 21
21 7
7 50
50 2
2 26
26 3
3 2
2 4
4 27
27 25
25 51
51 15
15 16
16 9
9 10
2 4
4 27
27 19
19 23
23 15
15 36
36 37
37 20
20 7
7 9
9 10
10 28
46 2
2 4
4 7
7 17
17 11
11 12
12 10
10 9
9 15
33 2
2 4
4 7
7 17
17 11
11 13
13 20
20 13
13 46
83 17
17 18
18 2
2 4
4 20
20 7
7 11
11 10
10 9
9 1
1 46
2 4
4 1
1 9
9 10
10 11
11 12
12 17
17 19
19 7
7 20
20 15
15 13
13 26
26 2
2 4
4 19
19 7
7 11
11 12
12 10
10 9
9 20
20 1
20 21
21 7
7 50
50 2
2 26
26 3
3 2
2 4
4 27
27 25
25 51
51 15
15 16
16 9
9 10
9 11
11 39
39 40
40 58
58 46
2 4
4 9
9 10
10 15
15 16
16 17
17 18
18 27
27 19
19 5
5 7
20 21
21 7
7 50
50 2
2 26
26 3
3 2
2 4
4 27
27 25
25 51
51 15
15 24
24 11
11 12
26 4
4 9
9 12
12 15
15 1
1 17
17 5
5 20
20 19
19 7
4 2
2 25
25 15
15 17
17 9
9 11
11 12
12 1
1 5
5 20
46 1
1 17
17 2
2 4
4 19
19 7
7 20
20 15
15 13
13 9
9 10
10 11
11 12
2 33
33 23
23 4
4 19
19 1
1 2
2 15
15 17
17 28
28 23
23 9
46 1
1 23
23 33
33 15
15 17
17 18
18 9
9 10
10 20
20 133
133 2
2 4
4 19
2 26
26 2
2 4
4 23
23 33
33 15
15 17
17 18
18 1
1 20
20 7
7 9
9 11
11 12
12 5
4 2
2 23
23 1
1 17
17 15
15 74
74 14
14 9
9 10
10 12
12 11
11 20
20 7
9 10
10 23
23 33
33 15
15 2
2 4
4 27
27 20
20 3
3 32
32 26
2 4
4 27
27 19
19 15
15 17
17 9
9 10
10 11
11 12
12 7
7 20
150 13
13 20
20 7
7 23
23 2
2 26
26 2
2 4
4 28
28 15
15 17
17 18
18 29
1 14
14 74
74 23
23 9
9 10
10 12
12 11
11 23
23 33
33 2
2 4
4 19
19 13
13 17
17 20
20 7
7 29
29 39
23 2
2 4
4 1
1 9
9 12
12 23
23 15
15 17
17 7
7 46
17 18
18 1
1 20
20 7
7 23
23 50
50 34
34 2
2 32
32 4
4 15
15 13
13 9
9 10
10 12
12 11
19 17
17 18
18 2
2 4
4 27
27 25
25 10
10 9
9 20
20 15
15 1
1 33
1 2
2 4
4 27
27 90
90 86
86 25
25 57
57 15
15 11
11 12
12 10
10 9
9 19
19 17
23 2
2 1
1 23
23 33
33 2
2 4
4 19
19 20
20 7
7 9
9 10
10 12
12 11
11 17
17 23
23 5
5 7
7 20
20 37
37 28
28 2
2 4
4 1
1 9
9 11
11 12
12 17
17 15
15 13
5 20
20 7
7 13
13 14
14 28
28 2
2 4
4 19
19 33
33 1
2 3
3 4
4 23
23 2
2 3
3 26
26 9
9 10
10 11
11 12
12 17
17 16
16 15
25 2
2 4
4 19
19 7
7 20
20 15
15 39
39 9
9 10
10 11
11 12
12 17
17 14
14 13
13 46
46 1
25 2
2 4
4 19
19 20
20 9
9 10
10 11
11 12
12 17
17 18
18 15
15 7
7 24
23 2
2 26
26 23
23 2
2 3
3 4
4 27
27 19
19 23
23 15
15 14
14 74
74 9
9 20
20 142
142 7
5 19
19 7
7 3
3 2
2 4
4 9
9 10
10 12
12 11
11 17
17 18
18 1
2 4
4 19
19 9
9 10
10 12
12 11
11 17
17 15
15 13
13 1
1 7
7 20
20 2
2 4
4 19
19 1
1 7
7 20
20 17
2 3
3 4
4 23
23 2
2 3
3 4
4 23
23 9
9 10
10 11
11 12
12 1
1 17
9 17
17 18
18 2
2 4
4 27
27 25
25 13
13 11
11 12
12 20
20 7
7 15
15 33
12 11
11 10
10 17
17 18
18 41
41 13
13 54
54 2
2 44
9 10
10 2
2 4
4 19
19 20
20 7
7 15
15 17
17 18
18 1
1 23
23 33
2 4
4 26
26 23
23 15
15 11
11 12
12 13
13 14
14 25
25 39
2 4
4 19
19 9
9 10
10 12
12 11
11 15
15 25
25 18
18 17
17 5
5 7
7 20
20 28
9 17
17 18
18 2
2 4
4 27
27 25
25 13
13 20
20 7
7 15
15 33
6 122
122 14
14 58
58 39
39 40
40 54
54 52
52 28
28 20
26 4
4 5
5 20
20 19
19 7
7 9
9 12
12 15
36 20
20 7
7 5
5 2
2 4
4 27
27 19
19 25
25 15
15 9
9 10
10 12
12 1
1 13
20 7
7 23
23 2
2 26
26 2
2 4
4 9
9 10
10 13
13 49
49 30
3 32
32 26
26 2
2 4
4 20
20 6
6 15
15 16
16 17
17 18
18 9
9 10
10 12
12 11
15 20
20 21
21 8
8 7
7 6
6 2
2 3
3 2
2 4
4 27
27 9
9 43
43 9
9 39
39 40
15 2
2 38
38 20
20 11
11 10
4 2
2 9
9 20
20 1
1 7
7 25
2 4
4 23
23 20
20 12
12 11
11 10
10 1
1 9
9 7
4 23
23 2
2 15
15 20
20 9
9 1
2 4
4 19
19 20
20 7
7 16
16 9
9 10
10 17
23 2
2 4
4 25
25 13
13 5
5 20
20 7
7 9
9 10
10 17
17 1
2 26
26 4
4 27
27 40
40 20
20 7
7 88
88 13
13 66
66 55
55 25
25 1
1 33
12 11
11 6
6 8
8 7
7 15
15 20
20 13
13 22
2 26
26 2
2 4
4 20
20 7
7 9
9 11
11 12
12 39
39 40
25 30
30 17
17 18
18 2
2 4
4 27
27 20
20 7
7 9
9 11
2 4
4 20
20 7
7 12
12 9
9 11
11 15
15 20
20 7
7 11
11 9
9 17
17 18
18 14
14 2
2 4
4 19
19 23
23 2
2 4
4 19
19 20
20 7
7 12
12 9
9 10
10 11
11 13
13 1
2 4
4 20
20 7
7 9
9 49
49 7
7 1
23 2
2 4
4 19
19 7
7 20
20 15
15 28
28 11
11 10
10 9
4 2
2 9
9 15
15 12
12 11
11 17
17 18
6 7
7 20
20 19
19 25
25 2
2 23
23 32
32 38
38 9
9 15
15 10
10 46
1 2
2 4
4 27
27 19
19 25
25 15
15 16
20 115
115 7
7 2
2 4
4 19
19 25
25 9
9 17
2 4
4 20
20 7
7 9
9 11
11 12
12 143
143 1
1 23
23 33
15 17
17 2
2 4
4 27
27 19
19 20
20 133
133 7
7 1
2 4
4 27
27 20
20 15
15 17
17 18
18 11
11 12
39 20
20 21
21 7
7 50
50 2
2 26
26 3
3 2
2 4
4 27
27 25
25 51
51 9
9 10
2 4
4 49
49 7
7 9
9 10
10 7
7 15
15 25
25 7
4 9
9 7
7 10
10 15
15 2
2 7
4 2
2 20
20 7
7 15
15 17
17 18
18 1
1 9
9 12
46 7
7 19
19 20
20 14
14 4
4 33
20 1
1 17
17 18
18 7
7 9
9 10
10 11
11 9
9 20
20 2
2 4
4 20
2 4
4 27
27 20
20 21
21 7
7 9
9 17
17 15
15 1
1 14
15 25
25 4
4 2
2 9
9 38
38 20
2 4
4 7
7 20
20 15
15 25
25 18
18 17
17 14
14 28
4 23
23 15
15 2
2 39
39 10
10 20
7 2
2 4
4 2
2 17
17 15
2 4
4 2
2 23
23 6
6 38
38 20
20 9
9 25
13 38
38 23
23 10
10 19
19 1
1 20
33 2
2 4
4 7
7 15
15 17
17 18
18 10
10 12
12 20
2 56
56 4
4 20
20 15
15 16
16 9
9 12
12 7
4 20
20 15
15 2
2 11
11 10
2 4
4 2
2 7
7 15
15 10
10 9
9 11
11 12
2 4
4 19
19 7
7 20
20 9
9 10
10 11
11 12
12 13
13 17
17 15
15 46
46 1
20 19
19 5
5 7
7 4
4 26
26 146
13 7
7 15
15 2
2 4
4 20
2 4
4 27
27 88
88 20
20 15
15 1
1 28
28 17
17 18
18 39
39 33
20 2
2 3
3 32
32 2
2 4
4 25
25 1
9 17
17 18
18 2
2 4
4 20
20 7
7 15
2 3
3 4
4 19
19 20
20 10
10 11
11 9
9 23
23 46
46 13
1 2
2 4
4 23
23 15
15 16
16 9
9 10
15 16
16 7
7 20
20 4
4 2
2 23
23 1
2 4
4 19
19 1
1 7
7 20
20 9
9 10
10 12
12 11
11 17
17 15
15 13
20 21
21 7
7 50
50 2
2 26
26 3
3 2
2 4
4 27
27 25
25 51
51 20
20 13
13 17
17 18
4 2
2 26
26 20
20 15
15 17
17 18
18 9
9 10
10 12
12 58
33 2
2 20
20 9
9 28
28 56
56 4
4 151
20 7
7 2
2 4
4 23
23 15
15 16
16 17
17 18
18 9
9 10
10 12
12 11
11 15
15 20
20 5
5 7
20 19
19 7
7 9
9 1
1 14
14 13
11 12
12 17
17 46
46 2
2 4
4 7
7 20
20 15
38 23
23 4
4 20
20 39
39 9
25 20
20 4
4 7
7 13
26 4
4 1
1 9
9 12
12 15
39 38
38 9
9 20
20 136
136 23
23 25
17 18
18 20
20 4
4 2
2 27
27 26
26 33
33 39
39 40
40 25
2 4
4 27
27 19
19 25
25 15
15 36
36 37
37 20
20 21
21 7
7 1
2 4
4 23
23 9
9 10
10 11
11 12
12 13
13 17
17 18
9 12
12 11
11 9
9 15
15 17
17 18
18 2
2 4
4 20
20 7
2 34
34 32
32 3
3 2
2 4
4 15
15 19
19 7
7 20
1 2
2 4
4 27
27 25
25 17
17 18
2 13
13 19
19 20
20 7
7 10
10 9
50 2
2 26
26 3
3 2
2 4
4 27
27 25
25 51
51 20
20 13
13 17
17 18
18 15
15 20
20 21
21 7
13 14
14 20
20 7
7 5
5 46
9 10
10 12
12 11
11 9
9 2
2 4
4 20
20 7
7 1
1 23
23 33
2 34
34 3
3 32
32 2
2 4
4 9
9 7
7 20
2 3
3 4
4 23
23 46
46 13
13 9
9 17
17 16
16 15
4 19
19 7
7 5
5 20
20 14
14 25
25 9
9 11
11 12
12 10
10 1
1 46
46 13
13 54
3 32
32 26
26 2
2 4
4 20
20 6
6 15
15 16
16 17
17 18
18 9
9 10
10 11
11 12
1 23
23 2
2 4
4 19
19 37
37 13
13 3
3 9
9 10
10 12
12 11
11 17
17 20
20 7
7 46
46 127
127 28
2 4
4 27
27 20
20 7
7 15
15 17
17 1
1 13
2 19
19 5
5 7
7 20
20 25
25 15
15 17
17 18
18 33
33 9
9 11
11 152
152 1
13 17
17 18
18 2
2 4
4 20
20 7
7 9
9 10
10 12
25 2
2 4
4 19
19 20
20 15
15 7
7 9
9 10
10 11
11 12
12 17
17 18
2 3
3 4
4 23
23 19
19 20
20 6
6 11
11 9
9 1
1 17
23 2
2 3
3 26
26 19
19 20
20 6
6 9
9 10
10 11
11 12
12 17
20 25
25 20
20 25
25 2
2 4
4 2
2 9
9 10
12 11
11 9
9 10
10 19
19 20
20 7
7 23
23 34
34 3
3 2
2 50
50 2
2 4
4 15
25 2
2 4
4 19
19 20
20 15
15 7
7 9
9 10
10 11
11 12
12 17
17 18
41 17
17 18
18 39
39 40
40 2
2 3
3 56
56 23
23 33
13 6
6 7
7 20
20 15
15 67
67 17
17 18
18 28
28 14
14 4
4 2
2 27
27 122
122 50
50 33
2 4
4 27
27 20
20 7
7 9
9 10
10 12
12 11
11 9
9 17
17 18
18 54
2 3
3 4
4 23
23 19
19 20
20 6
6 9
9 10
10 11
11 12
12 17
25 23
23 2
2 4
4 39
39 40
40 58
58 12
12 49
49 41
41 30
2 4
4 7
7 20
20 7
7 54
54 30
30 39
39 40
23 33
33 2
2 4
4 19
19 20
20 7
7 15
15 13
13 1
1 9
9 11
11 9
9 17
17 18
2 26
26 30
30 39
39 11
11 7
4 20
20 9
9 23
38 4
104 62
62 28
28 14
14 13
13 20
20 7
13 66
66 22
22 20
20 21
21 8
8 6
6 7
2 4
4 19
19 30
30 17
17 18
18 15
15 10
10 11
11 25
20 7
7 2
2 4
19 7
7 20
20 14
20 21
21 7
7 28
28 36
36 37
37 36
36 37
37 28
1 23
23 2
2 4
4 27
27 19
19 7
7 9
9 10
10 11
11 12
12 25
2 4
4 20
20 7
7 9
9 12
12 11
11 9
4 25
25 20
10 11
11 12
12 4
4 21
25 2
2 4
4 19
19 20
20 1
1 23
23 26
26 46
46 7
9 10
10 12
12 11
11 29
29 132
15 17
17 18
18 2
2 138
153 154
154 25
25 15
15 16
13 28
28 7
7 20
20 115
39 40
40 28
28 13
13 30
38 23
23 39
39 9
9 20
2 4
4 67
67 122
122 20
20 46
46 1
20 24
24 4
4 9
2 4
4 19
19 7
7 20
20 9
9 10
10 17
2 4
4 27
27 15
15 13
15 2
2 23
23 4
4 9
9 20
26 4
4 1
1 5
5 20
20 19
19 7
2 1
1 20
20 9
9 15
15 17
17 18
10 17
17 18
18 20
20 2
2 4
4 23
9 11
11 9
9 17
17 18
18 2
2 4
4 20
20 7
38 23
23 4
2 26
26 4
4 27
27 5
5 17
17 18
18 11
11 12
12 1
36 28
28 19
19 20
20 7
40 17
17 18
18 2
2 4
113 114
5 6
6 20
20 7
7 129
129 23
1 25
25 2
2 4
4 7
7 20
20 17
17 18
2 4
4 19
19 7
7 20
20 9
9 10
17 18
18 20
20 19
19 6
6 7
7 40
40 39
4 7
7 20
20 65
65 13
13 66
4 7
7 20
20 2
2 9
9 11
11 28
20 19
19 5
5 7
7 13
4 2
2 19
19 7
7 1
1 9
9 10
10 11
11 12
15 10
10 20
20 7
7 33
33 2
2 3
3 4
4 27
2 4
4 27
27 5
5 7
7 20
20 1
1 10
2 4
4 7
7 17
17 11
11 20
2 4
4 1
1 7
7 9
9 10
10 11
11 15
20 21
21 7
7 9
9 50
50 2
2 26
26 3
3 2
2 4
4 27
27 25
25 51
7 20
20 25
25 11
11 12
12 9
9 2
2 34
34 3
3 32
32 2
2 4
4 23
20 21
21 7
7 50
50 2
2 26
26 3
3 2
2 4
4 27
27 25
25 51
36 20
20 7
7 5
5 2
2 4
4 27
27 19
1 2
2 56
56 2
2 11
11 12
12 10
10 20
20 7
7 25
12 2
2 4
4 27
27 19
19 17
17 18
30 17
17 18
18 20
20 21
21 92
92 8
8 103
103 6
6 7
40 38
38 20
9 20
20 38
2 4
4 27
27 19
155 156
156 157
4 19
19 20
2 4
4 19
19 17
17 10
10 9
4 2
2 20
20 9
1 13
2 17
17 18
18 9
9 20
20 7
9 10
10 12
12 11
11 9
2 4
4 9
9 17
17 18
18 20
20 19
19 7
7 11
11 9
26 4
20 21
21 7
7 39
39 40
40 58
58 2
2 26
26 3
3 32
32 23
23 4
4 27
27 90
90 158
158 19
19 90
90 86
86 25
25 159
159 24
24 64
64 62
62 36
36 37
37 61
61 1
1 16
16 9
9 15
15 71
71 160
160 29
29 132
132 161
161 89
89 11
11 12
12 9
9 10
10 17
17 18
18 30
30 13
13 38
2 3
3 26
26 4
4 27
27 19
19 5
5 7
7 20
20 36
36 37
37 28
28 14
14 25
25 33
33 9
9 10
10 11
11 12
12 15
15 13
13 46
46 1
1 16
20 21
21 92
92 8
8 7
7 6
6 9
9 43
43 9
9 19
19 5
5 13
13 66
66 22
22 1
1 23
23 56
56 33
33 2
2 3
3 2
2 4
4 27
27 10
10 11
11 12
12 15
15 46
46 44
44 64
64 30
30 17
17 18
2 4
4 25
25 9
9 10
10 11
11 12
12 15
15 36
36 7
7 20
20 5
5 13
13 14
14 1
1 18
18 17
17 46
46 16
16 33
33 54
54 19
19 26
162 1
1 2
2 3
3 23
23 32
32 4
4 27
27 90
90 86
86 25
25 57
57 15
15 16
16 11
11 10
10 9
9 12
12 5
5 36
36 37
37 26
26 163
163 121
121 64
1 44
44 144
144 64
64 62
62 2
2 26
26 3
3 23
23 32
32 25
25 86
86 50
50 4
4 27
27 90
90 19
19 7
7 15
15 16
16 9
9 11
11 12
12 20
20 13
13 38
38 121
121 10
10 17
17 18
18 58
58 39
39 40
2 26
26 4
4 7
7 20
20 26
26 13
25 2
2 4
4 20
20 9
9 10
10 11
11 12
12 17
17 18
18 15
15 7
7 1
1 23
23 2
2 26
4 7
7 20
20 65
65 13
13 66
66 15
15 17
17 18
18 2
2 9
9 10
10 11
11 12
25 2
2 4
4 19
19 20
20 1
1 23
23 26
26 46
46 7
7 9
9 10
10 11
11 12
12 17
17 18
11 15
15 9
9 10
10 2
2 4
4 20
20 6
6 13
13 27
27 19
19 5
5 7
7 26
26 14
14 25
25 23
9 11
11 12
12 17
17 18
18 20
20 2
2 4
4 7
7 1
1 23
23 2
2 26
26 46
46 15
15 13
13 24
20 21
21 8
8 6
6 7
7 2
2 4
4 25
25 23
23 33
33 13
13 66
66 22
22 17
17 18
18 9
9 10
10 11
11 12
9 43
43 9
9 10
10 2
2 4
4 27
46 9
9 10
10 28
28 19
19 5
5 6
6 7
7 21
21 20
20 2
2 4
4 1
2 4
4 27
27 9
9 10
10 12
12 11
11 17
17 18
18 38
38 19
19 7
7 6
6 1
1 46
46 15
15 13
13 14
14 5
5 20
20 25
20 13
13 11
11 9
9 4
4 23
23 38
38 39
25 2
2 4
4 19
19 20
20 9
9 10
10 11
11 12
12 17
17 18
18 1
1 23
23 2
2 26
26 46
46 7
7 13
13 24
25 2
2 4
4 19
19 20
20 9
9 10
10 11
11 12
12 17
17 18
18 1
1 23
23 2
2 26
26 46
46 15
15 7
7 13
13 24
25 2
2 4
4 19
19 20
20 9
9 10
10 11
11 12
12 17
17 18
18 1
1 23
23 2
2 26
26 46
46 15
15 7
7 13
13 24
65 13
13 66
66 2
2 4
4 7
7 9
9 10
10 11
11 12
12 17
17 18
15 9
9 10
10 2
2 4
4 25
23 2
2 4
4 17
17 9
9 10
10 12
12 11
11 25
25 1
1 164
164 151
2 4
4 25
25 15
15 16
16 9
9 10
10 11
11 12
25 4
4 2
2 11
11 12
12 9
9 29
29 13
13 15
15 7
7 19
4 2
2 32
32 25
25 24
24 25
25 36
36 37
37 25
25 20
20 7
7 19
19 9
9 10
10 11
11 12
12 52
52 132
132 39
39 17
17 18
18 101
101 40
9 43
43 9
9 2
2 4
4 25
25 20
20 21
21 8
8 6
6 7
7 11
11 10
20 6
6 7
7 15
15 16
16 17
17 18
18 2
2 32
32 3
3 26
26 4
4 9
9 10
10 11
11 12
2 4
4 20
20 7
7 11
11 12
12 17
17 18
18 13
13 62
62 25
25 24
20 6
6 7
7 21
21 27
27 19
19 5
5 15
15 35
35 78
78 14
14 9
9 10
10 2
2 4
4 25
25 24
24 26
20 21
21 7
7 50
50 2
2 26
26 3
3 2
2 4
4 27
27 25
25 51
51 20
20 13
13 17
17 18
18 9
9 11
11 12
12 15
15 36
36 37
37 28
11 12
12 9
9 10
10 2
2 4
4 19
19 20
20 7
7 15
15 18
18 13
1 3
3 26
26 2
2 25
25 2
2 4
4 27
27 5
5 44
44 15
15 23
23 9
9 12
12 11
1 20
20 21
21 7
7 13
13 14
14 22
22 62
62 74
74 50
50 9
9 10
10 25
25 33
33 2
2 4
4 5
5 19
19 18
18 17
17 41
41 39
39 40
40 20
2 4
4 27
27 19
19 17
17 18
18 15
15 9
9 12
12 11
11 20
10 12
12 15
15 28
28 2
2 4
4 19
19 20
20 7
7 1
1 23
23 17
17 18
18 11
11 9
39 9
9 20
20 136
136 38
25 2
2 26
26 4
4 17
17 15
15 9
9 11
11 1
1 23
25 2
2 4
4 19
19 7
7 9
9 10
10 11
11 1
2 4
4 19
19 20
20 6
6 9
9 10
10 11
11 12
12 17
17 15
15 5
5 24
24 1
1 23
10 11
11 12
12 41
41 17
17 15
15 1
1 25
25 2
2 26
26 4
4 27
15 1
1 25
25 46
46 2
2 4
4 7
7 20
20 9
9 10
10 11
11 12
12 17
17 18
18 33
2 4
4 19
19 20
20 7
7 1
1 10
10 9
9 11
11 12
12 15
2 23
23 26
26 2
2 4
4 19
19 7
7 20
20 9
9 12
12 11
11 10
10 15
15 1
1 39
39 40
40 49
23 2
2 34
34 3
3 26
26 24
24 23
23 2
2 4
4 19
19 5
5 7
7 20
20 23
23 11
11 9
9 12
12 23
23 15
15 17
17 18
18 23
7 20
20 36
36 1
1 23
23 2
2 4
4 10
10 12
12 25
25 2
2 32
32 2
2 4
4 23
23 50
50 15
15 28
28 2
2 7
7 36
36 9
9 10
10 11
11 13
13 17
17 18
18 14
14 1
1 20
20 7
7 11
11 12
12 10
10 17
17 15
15 24
24 25
25 2
2 4
4 19
19 27
27 23
23 9
9 29
29 28
20 7
7 2
2 4
4 27
27 23
23 76
76 15
15 9
9 10
10 17
17 1
1 5
5 19
19 24
1 23
23 33
33 2
2 77
77 3
3 4
4 27
27 25
25 76
76 20
20 7
7 15
15 10
10 11
11 17
17 36
1 151
151 164
164 62
62 74
74 67
67 33
33 23
23 2
2 3
3 4
4 27
27 19
19 25
25 16
16 15
15 20
20 29
29 9
9 17
4 6
6 7
7 9
9 10
10 15
15 17
17 18
18 2
2 34
34 3
3 32
32 26
20 7
7 2
2 4
4 19
19 17
17 15
15 1
1 12
12 10
10 11
11 9
9 46
17 18
18 2
2 50
50 32
32 34
34 3
3 26
26 2
2 4
4 27
27 20
20 21
21 5
5 7
7 9
9 10
10 11
11 12
12 52
52 58
58 13
13 39
39 40
40 1
1 88
88 44
44 23
23 33
33 25
25 104
18 17
17 2
2 4
4 20
20 7
7 5
5 55
55 165
165 1
1 88
25 70
70 2
2 4
4 9
9 10
10 11
11 27
27 19
19 5
5 13
13 28
28 24
24 6
6 7
7 20
20 1
7 20
20 2
2 17
17 18
18 7
7 2
2 4
4 9
9 11
11 15
15 135
135 62
62 29
29 14
14 1
1 25
26 4
4 20
20 36
36 5
5 21
21 9
20 21
21 8
8 7
7 6
6 2
2 4
4 9
9 11
11 15
25 15
15 2
2 4
4 27
27 5
5 20
20 9
9 10
10 39
39 40
40 46
2 4
4 20
20 15
25 17
17 18
18 2
2 4
4 19
19 7
7 15
15 13
13 50
50 9
9 10
10 11
11 39
39 40
40 1
4 2
2 9
9 10
10 11
11 12
12 19
19 20
20 1
1 7
7 15
15 16
16 17
17 18
18 13
9 10
10 2
2 4
4 15
15 16
16 17
17 18
18 1
1 7
7 20
20 37
37 13
13 45
45 41
9 20
20 21
21 8
8 6
6 7
7 2
2 4
4 25
11 12
12 10
10 143
143 2
2 34
34 3
3 2
2 23
23 33
20 103
103 7
7 1
1 23
23 2
2 4
4 27
27 19
19 15
15 16
16 17
17 18
18 9
9 10
10 12
12 11
11 28
28 25
29 46
20 7
7 2
2 4
4 2
2 23
23 1
1 15
15 16
16 17
17 9
9 13
4 2
2 19
19 20
20 45
45 41
41 7
7 9
9 39
39 40
40 1
1 28
28 37
37 36
4 2
2 20
20 15
15 16
16 17
17 18
18 2
2 32
32 3
3 26
26 4
4 45
45 41
41 83
20 2
2 4
4 15
15 1
1 7
7 27
27 37
37 36
36 28
20 6
6 7
7 13
13 15
15 16
16 17
17 18
18 2
2 32
32 3
3 26
26 4
4 2
2 32
32 3
3 26
26 4
4 15
15 16
16 17
17 18
18 19
19 20
20 21
21 6
6 7
7 5
5 9
9 10
10 11
11 12
12 9
9 10
10 11
11 12
12 37
37 36
36 28
28 1
1 83
83 58
58 39
39 40
40 25
25 24
2 32
32 3
3 26
26 4
4 19
19 20
20 21
21 6
6 7
7 5
5 15
15 16
16 17
17 18
18 9
9 10
10 11
11 12
12 58
58 39
39 40
40 24
2 26
26 2
2 4
4 23
23 33
33 15
15 17
17 18
18 1
1 20
20 7
7 9
9 5
19 6
6 7
7 8
8 21
21 20
20 2
2 4
4 27
27 2
2 4
4 27
27 7
20 21
21 8
8 7
7 6
6 61
61 37
37 28
28 5
5 19
23 2
2 3
3 26
26 9
9 10
10 11
11 12
12 17
17 16
16 15
12 11
11 2
2 4
4 26
26 52
52 58
58 41
41 9
9 13
13 20
20 88
15 16
16 17
17 18
18 2
2 32
32 3
3 26
26 4
4 9
9 10
10 11
11 12
12 37
37 28
28 36
36 19
19 20
20 21
21 6
6 7
7 5
1 15
15 16
16 17
17 18
18 2
2 4
25 7
7 9
9 10
10 11
11 12
12 31
31 2
2 4
2 4
4 19
19 7
7 20
20 9
9 12
12 39
39 40
1 61
61 20
20 19
19 27
27 37
37 36
36 6
6 7
7 5
5 2
2 4
4 23
23 38
38 55
55 10
10 9
9 166
166 101
9 11
11 10
10 12
12 46
46 2
2 26
26 2
2 4
4 7
7 146
146 13
13 17
17 20
20 19
19 1
1 28
24 2
2 3
3 26
26 2
2 4
4 27
27 19
19 5
5 7
7 103
103 20
20 15
15 25
25 39
39 167
167 9
9 10
10 11
11 12
12 18
18 17
17 1
1 23
23 33
2 3
3 32
32 26
26 2
2 4
4 51
51 25
25 50
50 23
23 88
88 1
1 33
33 23
23 9
9 10
10 12
12 11
11 15
15 45
45 17
17 18
1 2
2 3
3 2
2 4
4 17
17 18
18 20
20 7
7 15
15 9
9 10
10 11
11 12
1 20
20 7
7 15
15 17
17 18
18 9
9 10
10 11
11 12
12 2
2 4
4 27
